168
30
108
24
20
110
156
34
43
95
131
178
82
165
26
159
192
47
22
82
90
14
65
36
108
15
14
77
57
193
116
147
143
24
97
6
49
10
89
182
42
196
104
39
113
87
187
155
91
126
36
159
90
160
9
160
28
77
79
173
176
197
171
45
106
130
158
171
59
76
78
56
39
93
25
45
45
11
166
50
107
151
120
6
23
44
66
5
199
179
134
110
66
3
157
161
130
35
108
120
156
70
164
138
199
50
33
74
149
117
166
195
107
37
138
41
114
98
128
77
29
182
49
129
9
140
30
44
197
150
92
164
75
104
14
128
180
125
105
110
7
41
80
199
71
127
143
184
125
98
159
95
68
182
182
32
87
42
23
141
29
12
142
18
108
25
41
5
101
187
147
91
15
95
175
121
197
173
124
52
10
38
176
6
96
157
151
176
13
48
173
67
128
71
45
165
91
25
143
197
