4023
2572
3326
950
2089
1898
1792
3338
3573
4537
2813
2847
324
4444
3706
1488
4297
2540
2586
3210
358
4558
1302
1079
672
793
3019
3998
1177
2780
858
2421
2028
601
3573
4626
3227
4352
1159
379
2384
4962
3600
4985
4447
581
3196
1709
2270
1505
2556
3296
2288
2532
810
2203
1219
4448
2675
4824
2724
4323
3465
867
1743
3638
3859
617
526
2785
975
825
2299
3051
1237
1507
3802
2729
2025
352
3763
755
3216
2937
3132
4221
736
2583
721
2926
3093
1407
4026
2319
3273
3980
1035
940
4310
4212
2820
1208
1066
787
104
865
2543
1249
1959
2335
4472
4479
2709
2611
710
3767
992
2301
775
4789
1826
2568
471
313
4152
366
294
3653
1574
4095
2981
2183
1554
3499
4551
2412
4265
2299
3853
1253
253
4215
2360
3098
4845
500
4162
2186
1455
58
216
2616
1189
4157
4010
4823
568
973
2736
1056
925
4393
2671
3975
1520
3898
606
2220
1579
4229
4366
2641
4334
374
1793
2009
3934
318
58
1020
2040
3556
3980
3921
1549
2640
4908
203
3294
1479
3145
1066
2568
456
1734
1561
1323
1542
1322
3766
